0 0 0 0 0 0 0 0 0 0 0 0 0 0 0
68675	0.000	0.000	0.000	00
68675	0.000	0.000	0.000	00
68675	0.000	0.000	0.000	00
68675	0.000	0.000	0.000	00
68675	0.000	0.000	0.000	00
68675	0.000	0.000	0.000	00
68675	0.000	0.000	0.000	00
68675	0.000	0.000	0.000	00
68707	6.272	-0.011	0.000	-0
68707	6.272	-0.011	0.000	-0
68707	6.272	-0.011	0.000	-0
68707	6.272	-0.011	0.000	-0
68707	6.272	-0.011	0.000	-0
68707	6.272	-0.011	0.000	-0
68707	6.272	-0.011	0.000	-0
68707	6.272	-0.011	0.000	-0
68750	6.258	-0.025	0.000	-0
68750	6.258	-0.025	0.000	-0
68750	6.258	-0.025	0.000	-0
68750	6.258	-0.025	0.000	-0
68750	6.258	-0.025	0.000	-0
68750	6.258	-0.025	0.000	-0
68750	6.258	-0.025	0.000	-0
68750	6.258	-0.025	0.000	-0
68785	6.269	-0.015	0.001	-0
68785	6.269	-0.015	0.001	-0
68785	6.269	-0.015	0.001	-0
68785	6.269	-0.015	0.001	-0
68785	6.269	-0.015	0.001	-0
68785	6.269	-0.015	0.001	-0
68785	6.269	-0.015	0.001	-0
68785	6.269	-0.015	0.001	-0
68826	6.254	-0.029	0.001	-0
68826	6.254	-0.029	0.001	-0
68826	6.254	-0.029	0.001	-0
68826	6.254	-0.029	0.001	-0
68826	6.254	-0.029	0.001	-0
68826	6.254	-0.029	0.001	-0
68826	6.254	-0.029	0.001	-0
68826	6.254	-0.029	0.001	-0
68860	6.258	-0.025	0.001	-1
68860	6.258	-0.025	0.001	-1
68860	6.258	-0.025	0.001	-1
68860	6.258	-0.025	0.001	-1
68860	6.258	-0.025	0.001	-1
68860	6.258	-0.025	0.001	-1
68860	6.258	-0.025	0.001	-1
68860	6.258	-0.025	0.001	-1
68894	0.015	0.015	0.001	-1
68894	0.015	0.015	0.001	-1
68894	0.015	0.015	0.001	-1
68894	0.015	0.015	0.001	-1
68894	0.015	0.015	0.001	-1
68894	0.015	0.015	0.001	-1
68894	0.015	0.015	0.001	-1
68894	0.015	0.015	0.001	-1
68927	6.269	-0.015	0.001	-1
68927	6.269	-0.015	0.001	-1
68927	6.269	-0.015	0.001	-1
68927	6.269	-0.015	0.001	-1
68927	6.269	-0.015	0.001	-1
68927	6.269	-0.015	0.001	-1
68927	6.269	-0.015	0.001	-1
68927	6.269	-0.015	0.001	-1
68960	6.276	-0.007	0.001	-1
68960	6.276	-0.007	0.001	-1
68960	6.276	-0.007	0.001	-1
68960	6.276	-0.007	0.001	-1
68960	6.276	-0.007	0.001	-1
68960	6.276	-0.007	0.001	-1
68960	6.276	-0.007	0.001	-1
68960	6.276	-0.007	0.001	-1
68995	6.283	-0.000	0.002	-1
68995	6.283	-0.000	0.002	-1
68995	6.283	-0.000	0.002	-1
68995	6.283	-0.000	0.002	-1
68995	6.283	-0.000	0.002	-1
68995	6.283	-0.000	0.002	-1
68995	6.283	-0.000	0.002	-1
68995	6.283	-0.000	0.002	-1
69027	0.011	0.011	0.001	-1
69027	0.011	0.011	0.001	-1
69027	0.011	0.011	0.001	-1
69027	0.011	0.011	0.001	-1
69027	0.011	0.011	0.001	-1
69027	0.011	0.011	0.001	-1
69027	0.011	0.011	0.001	-1
69027	0.011	0.011	0.001	-1
69062	0.040	0.040	0.001	-0
69062	0.040	0.040	0.001	-0
69062	0.040	0.040	0.001	-0
69062	0.040	0.040	0.001	-0
69062	0.040	0.040	0.001	-0
69062	0.040	0.040	0.001	-0
69062	0.040	0.040	0.001	-0
69062	0.040	0.040	0.001	-0
69097	0.018	0.018	0.000	-0
69097	0.018	0.018	0.000	-0
69097	0.018	0.018	0.000	-0
69097	0.018	0.018	0.000	-0
69097	0.018	0.018	0.000	-0
69097	0.018	0.018	0.000	-0
69097	0.018	0.018	0.000	-0
69097	0.018	0.018	0.000	-0
69128	6.265	-0.018	0.000	-0
69128	6.265	-0.018	0.000	-0
69128	6.265	-0.018	0.000	-0
69128	6.265	-0.018	0.000	-0
69128	6.265	-0.018	0.000	-0
69128	6.265	-0.018	0.000	-0
69128	6.265	-0.018	0.000	-0
69128	6.265	-0.018	0.000	-0
69171	0.004	0.004	0.000	-0
69171	0.004	0.004	0.000	-0
69171	0.004	0.004	0.000	-0
69171	0.004	0.004	0.000	-0
69171	0.004	0.004	0.000	-0
69171	0.004	0.004	0.000	-0
69171	0.004	0.004	0.000	-0
69171	0.004	0.004	0.000	-0
69213	0.007	0.007	0.001	-0
69213	0.007	0.007	0.001	-0
69213	0.007	0.007	0.001	-0
69213	0.007	0.007	0.001	-0
69213	0.007	0.007	0.001	-0
69213	0.007	0.007	0.001	-0
69213	0.007	0.007	0.001	-0
69213	0.007	0.007	0.001	-0
69245	0.029	6.312	6.283	00
69245	0.029	6.312	6.283	00
69245	0.029	6.312	6.283	00
69245	0.029	6.312	6.283	00
69245	0.029	6.312	6.283	00
69245	0.029	6.312	6.283	00
69245	0.029	6.312	6.283	00
69245	0.029	6.312	6.283	00
69289	0.054	6.338	6.282	01
69289	0.054	6.338	6.282	01
69289	0.054	6.338	6.282	01
69289	0.054	6.338	6.282	01
69289	0.054	6.338	6.282	01
69289	0.054	6.338	6.282	01
69289	0.054	6.338	6.282	01
69289	0.054	6.338	6.282	01
69321	0.029	6.312	6.281	01
69321	0.029	6.312	6.281	01
69321	0.029	6.312	6.281	01
69321	0.029	6.312	6.281	01
69321	0.029	6.312	6.281	01
69321	0.029	6.312	6.281	01
69321	0.029	6.312	6.281	01
69321	0.029	6.312	6.281	01
69353	0.036	6.319	6.280	01
69353	0.036	6.319	6.280	01
69353	0.036	6.319	6.280	01
69353	0.036	6.319	6.280	01
69353	0.036	6.319	6.280	01
69353	0.036	6.319	6.280	01
69353	0.036	6.319	6.280	01
69353	0.036	6.319	6.280	01
69386	0.015	6.298	6.280	02
69386	0.015	6.298	6.280	02
69386	0.015	6.298	6.280	02
69386	0.015	6.298	6.280	02
69386	0.015	6.298	6.280	02
69386	0.015	6.298	6.280	02
69386	0.015	6.298	6.280	02
69386	0.015	6.298	6.280	02
69422	0.022	6.305	6.279	02
69422	0.022	6.305	6.279	02
69422	0.022	6.305	6.279	02
69422	0.022	6.305	6.279	02
69422	0.022	6.305	6.279	02
69422	0.022	6.305	6.279	02
69422	0.022	6.305	6.279	02
69422	0.022	6.305	6.279	02
69453	0.018	6.301	6.279	02
69453	0.018	6.301	6.279	02
69453	0.018	6.301	6.279	02
69453	0.018	6.301	6.279	02
69453	0.018	6.301	6.279	02
69453	0.018	6.301	6.279	02
69453	0.018	6.301	6.279	02
69453	0.018	6.301	6.279	02
69485	0.004	6.287	6.279	02
69485	0.004	6.287	6.279	02
69485	0.004	6.287	6.279	02
69485	0.004	6.287	6.279	02
69485	0.004	6.287	6.279	02
69485	0.004	6.287	6.279	02
69485	0.004	6.287	6.279	02
69485	0.004	6.287	6.279	02
69516	6.276	6.276	6.279	02
69516	6.276	6.276	6.279	02
69516	6.276	6.276	6.279	02
69516	6.276	6.276	6.279	02
69516	6.276	6.276	6.279	02
69516	6.276	6.276	6.279	02
69516	6.276	6.276	6.279	02
69516	6.276	6.276	6.279	02
69548	6.283	6.283	6.279	02
69548	6.283	6.283	6.279	02
69548	6.283	6.283	6.279	02
69548	6.283	6.283	6.279	02
69548	6.283	6.283	6.279	02
69548	6.283	6.283	6.279	02
69548	6.283	6.283	6.279	02
69548	6.283	6.283	6.279	02
69591	6.280	6.280	6.278	02
69591	6.280	6.280	6.278	02
69591	6.280	6.280	6.278	02
69591	6.280	6.280	6.278	02
69591	6.280	6.280	6.278	02
69591	6.280	6.280	6.278	02
69591	6.280	6.280	6.278	02
69591	6.280	6.280	6.278	02
69625	6.265	6.265	6.279	02
69625	6.265	6.265	6.279	02
69625	6.265	6.265	6.279	02
69625	6.265	6.265	6.279	02
69625	6.265	6.265	6.279	02
69625	6.265	6.265	6.279	02
69625	6.265	6.265	6.279	02
69625	6.265	6.265	6.279	02
69658	6.280	6.280	6.279	02
69658	6.280	6.280	6.279	02
69658	6.280	6.280	6.279	02
69658	6.280	6.280	6.279	02
69658	6.280	6.280	6.279	02
69658	6.280	6.280	6.279	02
69658	6.280	6.280	6.279	02
69658	6.280	6.280	6.279	02
69701	0.007	6.290	6.279	02
69701	0.007	6.290	6.279	02
69701	0.007	6.290	6.279	02
69701	0.007	6.290	6.279	02
69701	0.007	6.290	6.279	02
69701	0.007	6.290	6.279	02
69701	0.007	6.290	6.279	02
69701	0.007	6.290	6.279	02
69733	0.018	6.301	6.279	02
69733	0.018	6.301	6.279	02
69733	0.018	6.301	6.279	02
69733	0.018	6.301	6.279	02
69733	0.018	6.301	6.279	02
69733	0.018	6.301	6.279	02
69733	0.018	6.301	6.279	02
69733	0.018	6.301	6.279	02
69775	0.007	6.290	6.278	02
69775	0.007	6.290	6.278	02
69775	0.007	6.290	6.278	02
69775	0.007	6.290	6.278	02
69775	0.007	6.290	6.278	02
69775	0.007	6.290	6.278	02
69775	0.007	6.290	6.278	02
69775	0.007	6.290	6.278	02
69817	6.265	6.265	6.278	02
69817	6.265	6.265	6.278	02
69817	6.265	6.265	6.278	02
69817	6.265	6.265	6.278	02
69817	6.265	6.265	6.278	02
69817	6.265	6.265	6.278	02
69817	6.265	6.265	6.278	02
69817	6.265	6.265	6.278	02
69851	0.007	6.290	6.278	02
69851	0.007	6.290	6.278	02
69851	0.007	6.290	6.278	02
69851	0.007	6.290	6.278	02
69851	0.007	6.290	6.278	02
69851	0.007	6.290	6.278	02
69851	0.007	6.290	6.278	02
69851	0.007	6.290	6.278	02
69882	6.283	6.283	6.278	02
69882	6.283	6.283	6.278	02
69882	6.283	6.283	6.278	02
69882	6.283	6.283	6.278	02
69882	6.283	6.283	6.278	02
69882	6.283	6.283	6.278	02
69882	6.283	6.283	6.278	02
69882	6.283	6.283	6.278	02
69913	6.272	6.272	6.278	02
69913	6.272	6.272	6.278	02
69913	6.272	6.272	6.278	02
69913	6.272	6.272	6.278	02
69913	6.272	6.272	6.278	02
69913	6.272	6.272	6.278	02
69913	6.272	6.272	6.278	02
69913	6.272	6.272	6.278	02
69947	6.272	6.272	6.279	02
69947	6.272	6.272	6.279	02
69947	6.272	6.272	6.279	02
69947	6.272	6.272	6.279	02
69947	6.272	6.272	6.279	02
69947	6.272	6.272	6.279	02
69947	6.272	6.272	6.279	02
69947	6.272	6.272	6.279	02
69990	6.254	6.254	6.279	02
69990	6.254	6.254	6.279	02
69990	6.254	6.254	6.279	02
69990	6.254	6.254	6.279	02
69990	6.254	6.254	6.279	02
69990	6.254	6.254	6.279	02
69990	6.254	6.254	6.279	02
69990	6.254	6.254	6.279	02
70031	6.251	6.251	6.280	01
70031	6.251	6.251	6.280	01
70031	6.251	6.251	6.280	01
70031	6.251	6.251	6.280	01
70031	6.251	6.251	6.280	01
70031	6.251	6.251	6.280	01
70031	6.251	6.251	6.280	01
70031	6.251	6.251	6.280	01
70065	6.261	6.261	6.282	01
70065	6.261	6.261	6.282	01
70065	6.261	6.261	6.282	01
70065	6.261	6.261	6.282	01
70065	6.261	6.261	6.282	01
70065	6.261	6.261	6.282	01
70065	6.261	6.261	6.282	01
70065	6.261	6.261	6.282	01
70105	6.258	6.258	6.283	00
70105	6.258	6.258	6.283	00
70105	6.258	6.258	6.283	00
70105	6.258	6.258	6.283	00
70105	6.258	6.258	6.283	00
70105	6.258	6.258	6.283	00
70105	6.258	6.258	6.283	00
70105	6.258	6.258	6.283	00
70147	6.261	-0.022	0.000	-0
70147	6.261	-0.022	0.000	-0
70147	6.261	-0.022	0.000	-0
70147	6.261	-0.022	0.000	-0
70147	6.261	-0.022	0.000	-0
70147	6.261	-0.022	0.000	-0
70147	6.261	-0.022	0.000	-0
70147	6.261	-0.022	0.000	-0
70189	6.283	-0.000	0.025	-0
70189	6.283	-0.000	0.025	-0
70189	6.283	-0.000	0.025	-0
70189	6.283	-0.000	0.025	-0
70189	6.283	-0.000	0.025	-0
70189	6.283	-0.000	0.025	-0
70189	6.283	-0.000	0.025	-0
70189	6.283	-0.000	0.025	-0
70230	0.112	0.112	0.112	-1
70230	0.112	0.112	0.112	-1
70230	0.112	0.112	0.112	-1
70230	0.112	0.112	0.112	-1
70230	0.112	0.112	0.112	-1
70230	0.112	0.112	0.112	-1
70230	0.112	0.112	0.112	-1
70230	0.112	0.112	0.112	-1
70262	0.134	0.134	0.185	-1
70262	0.134	0.134	0.185	-1
70262	0.134	0.134	0.185	-1
70262	0.134	0.134	0.185	-1
70262	0.134	0.134	0.185	-1
70262	0.134	0.134	0.185	-1
70262	0.134	0.134	0.185	-1
70262	0.134	0.134	0.185	-1
70294	0.203	0.203	0.254	-2
70294	0.203	0.203	0.254	-2
70294	0.203	0.203	0.254	-2
70294	0.203	0.203	0.254	-2
70294	0.203	0.203	0.254	-2
70294	0.203	0.203	0.254	-2
70294	0.203	0.203	0.254	-2
70294	0.203	0.203	0.254	-2
70325	0.257	0.257	0.323	-2
70325	0.257	0.257	0.323	-2
70325	0.257	0.257	0.323	-2
70325	0.257	0.257	0.323	-2
70325	0.257	0.257	0.323	-2
70325	0.257	0.257	0.323	-2
70325	0.257	0.257	0.323	-2
70325	0.257	0.257	0.323	-2
70357	0.348	0.348	0.390	-3
70357	0.348	0.348	0.390	-3
70357	0.348	0.348	0.390	-3
70357	0.348	0.348	0.390	-3
70357	0.348	0.348	0.390	-3
70357	0.348	0.348	0.390	-3
70357	0.348	0.348	0.390	-3
70357	0.348	0.348	0.390	-3
70389	0.406	0.406	0.456	-3
70389	0.406	0.406	0.456	-3
70389	0.406	0.406	0.456	-3
70389	0.406	0.406	0.456	-3
70389	0.406	0.406	0.456	-3
70389	0.406	0.406	0.456	-3
70389	0.406	0.406	0.456	-3
70389	0.406	0.406	0.456	-3
70420	0.504	0.504	0.519	-4
70420	0.504	0.504	0.519	-4
70420	0.504	0.504	0.519	-4
70420	0.504	0.504	0.519	-4
70420	0.504	0.504	0.519	-4
70420	0.504	0.504	0.519	-4
70420	0.504	0.504	0.519	-4
70420	0.504	0.504	0.519	-4
70453	0.551	0.551	0.587	-4
70453	0.551	0.551	0.587	-4
70453	0.551	0.551	0.587	-4
70453	0.551	0.551	0.587	-4
70453	0.551	0.551	0.587	-4
70453	0.551	0.551	0.587	-4
70453	0.551	0.551	0.587	-4
70453	0.551	0.551	0.587	-4
70484	0.624	0.624	0.648	-4
70484	0.624	0.624	0.648	-4
70484	0.624	0.624	0.648	-4
70484	0.624	0.624	0.648	-4
70484	0.624	0.624	0.648	-4
70484	0.624	0.624	0.648	-4
70484	0.624	0.624	0.648	-4
70484	0.624	0.624	0.648	-4
70516	0.711	0.711	0.711	-4
70516	0.711	0.711	0.711	-4
70516	0.711	0.711	0.711	-4
70516	0.711	0.711	0.711	-4
70516	0.711	0.711	0.711	-4
70516	0.711	0.711	0.711	-4
70516	0.711	0.711	0.711	-4
70516	0.711	0.711	0.711	-4
70550	0.762	0.762	0.774	-4
70550	0.762	0.762	0.774	-4
70550	0.762	0.762	0.774	-4
70550	0.762	0.762	0.774	-4
70550	0.762	0.762	0.774	-4
70550	0.762	0.762	0.774	-4
70550	0.762	0.762	0.774	-4
70550	0.762	0.762	0.774	-4
70583	0.809	0.809	0.847	-4
70583	0.809	0.809	0.847	-4
70583	0.809	0.809	0.847	-4
70583	0.809	0.809	0.847	-4
70583	0.809	0.809	0.847	-4
70583	0.809	0.809	0.847	-4
70583	0.809	0.809	0.847	-4
70583	0.809	0.809	0.847	-4
70625	0.907	0.907	0.932	-5
70625	0.907	0.907	0.932	-5
70625	0.907	0.907	0.932	-5
70625	0.907	0.907	0.932	-5
70625	0.907	0.907	0.932	-5
70625	0.907	0.907	0.932	-5
70625	0.907	0.907	0.932	-5
70625	0.907	0.907	0.932	-5
70657	0.968	0.968	0.996	-5
70657	0.968	0.968	0.996	-5
70657	0.968	0.968	0.996	-5
70657	0.968	0.968	0.996	-5
70657	0.968	0.968	0.996	-5
70657	0.968	0.968	0.996	-5
70657	0.968	0.968	0.996	-5
70657	0.968	0.968	0.996	-5
70690	1.044	1.044	1.067	-5
70690	1.044	1.044	1.067	-5
70690	1.044	1.044	1.067	-5
70690	1.044	1.044	1.067	-5
70690	1.044	1.044	1.067	-5
70690	1.044	1.044	1.067	-5
70690	1.044	1.044	1.067	-5
70690	1.044	1.044	1.067	-5
70724	1.150	1.150	1.134	-5
70724	1.150	1.150	1.134	-5
70724	1.150	1.150	1.134	-5
70724	1.150	1.150	1.134	-5
70724	1.150	1.150	1.134	-5
70724	1.150	1.150	1.134	-5
70724	1.150	1.150	1.134	-5
70724	1.150	1.150	1.134	-5
70765	1.219	1.219	1.212	-5
70765	1.219	1.219	1.212	-5
70765	1.219	1.219	1.212	-5
70765	1.219	1.219	1.212	-5
70765	1.219	1.219	1.212	-5
70765	1.219	1.219	1.212	-5
70765	1.219	1.219	1.212	-5
70765	1.219	1.219	1.212	-5
70799	1.284	1.284	1.272	-5
70799	1.284	1.284	1.272	-5
70799	1.284	1.284	1.272	-5
70799	1.284	1.284	1.272	-5
70799	1.284	1.284	1.272	-5
70799	1.284	1.284	1.272	-5
70799	1.284	1.284	1.272	-5
70799	1.284	1.284	1.272	-5
70839	1.345	1.345	1.343	-4
70839	1.345	1.345	1.343	-4
70839	1.345	1.345	1.343	-4
70839	1.345	1.345	1.343	-4
70839	1.345	1.345	1.343	-4
70839	1.345	1.345	1.343	-4
70839	1.345	1.345	1.343	-4
70839	1.345	1.345	1.343	-4
70879	1.404	1.404	1.425	-4
70879	1.404	1.404	1.425	-4
70879	1.404	1.404	1.425	-4
70879	1.404	1.404	1.425	-4
70879	1.404	1.404	1.425	-4
70879	1.404	1.404	1.425	-4
70879	1.404	1.404	1.425	-4
70879	1.404	1.404	1.425	-4
70911	1.483	1.483	1.494	-4
70911	1.483	1.483	1.494	-4
70911	1.483	1.483	1.494	-4
70911	1.483	1.483	1.494	-4
70911	1.483	1.483	1.494	-4
70911	1.483	1.483	1.494	-4
70911	1.483	1.483	1.494	-4
70911	1.483	1.483	1.494	-4
70944	1.552	1.552	1.567	-4
70944	1.552	1.552	1.567	-4
70944	1.552	1.552	1.567	-4
70944	1.552	1.552	1.567	-4
70944	1.552	1.552	1.567	-4
70944	1.552	1.552	1.567	-4
70944	1.552	1.552	1.567	-4
70944	1.552	1.552	1.567	-4
70976	1.621	1.621	1.579	-4
70976	1.621	1.621	1.579	-4
70976	1.621	1.621	1.579	-4
70976	1.621	1.621	1.579	-4
70976	1.621	1.621	1.579	-4
70976	1.621	1.621	1.579	-4
70976	1.621	1.621	1.579	-4
70976	1.621	1.621	1.579	-4
71008	1.632	1.632	1.585	-4
71008	1.632	1.632	1.585	-4
71008	1.632	1.632	1.585	-4
71008	1.632	1.632	1.585	-4
71008	1.632	1.632	1.585	-4
71008	1.632	1.632	1.585	-4
71008	1.632	1.632	1.585	-4
71008	1.632	1.632	1.585	-4
71040	1.625	1.625	1.654	-3
71040	1.625	1.625	1.654	-3
71040	1.625	1.625	1.654	-3
71040	1.625	1.625	1.654	-3
71040	1.625	1.625	1.654	-3
71040	1.625	1.625	1.654	-3
71040	1.625	1.625	1.654	-3
71040	1.625	1.625	1.654	-3
71072	1.690	1.690	1.717	-4
71072	1.690	1.690	1.717	-4
71072	1.690	1.690	1.717	-4
71072	1.690	1.690	1.717	-4
71072	1.690	1.690	1.717	-4
71072	1.690	1.690	1.717	-4
71072	1.690	1.690	1.717	-4
71072	1.690	1.690	1.717	-4
71103	1.734	1.734	1.777	-4
71103	1.734	1.734	1.777	-4
71103	1.734	1.734	1.777	-4
71103	1.734	1.734	1.777	-4
71103	1.734	1.734	1.777	-4
71103	1.734	1.734	1.777	-4
71103	1.734	1.734	1.777	-4
71103	1.734	1.734	1.777	-4
71136	1.839	1.839	1.841	-4
71136	1.839	1.839	1.841	-4
71136	1.839	1.839	1.841	-4
71136	1.839	1.839	1.841	-4
71136	1.839	1.839	1.841	-4
71136	1.839	1.839	1.841	-4
71136	1.839	1.839	1.841	-4
71136	1.839	1.839	1.841	-4
71168	1.882	1.882	1.901	-4
71168	1.882	1.882	1.901	-4
71168	1.882	1.882	1.901	-4
71168	1.882	1.882	1.901	-4
71168	1.882	1.882	1.901	-4
71168	1.882	1.882	1.901	-4
71168	1.882	1.882	1.901	-4
71168	1.882	1.882	1.901	-4
71201	1.969	1.969	1.963	-4
71201	1.969	1.969	1.963	-4
71201	1.969	1.969	1.963	-4
71201	1.969	1.969	1.963	-4
71201	1.969	1.969	1.963	-4
71201	1.969	1.969	1.963	-4
71201	1.969	1.969	1.963	-4
71201	1.969	1.969	1.963	-4
71238	1.987	1.987	2.041	-4
71238	1.987	1.987	2.041	-4
71238	1.987	1.987	2.041	-4
71238	1.987	1.987	2.041	-4
71238	1.987	1.987	2.041	-4
71238	1.987	1.987	2.041	-4
71238	1.987	1.987	2.041	-4
71238	1.987	1.987	2.041	-4
71270	2.064	2.064	2.108	-5
71270	2.064	2.064	2.108	-5
71270	2.064	2.064	2.108	-5
71270	2.064	2.064	2.108	-5
71270	2.064	2.064	2.108	-5
71270	2.064	2.064	2.108	-5
71270	2.064	2.064	2.108	-5
71270	2.064	2.064	2.108	-5
71302	2.129	2.129	2.176	-6
71302	2.129	2.129	2.176	-6
71302	2.129	2.129	2.176	-6
71302	2.129	2.129	2.176	-6
71302	2.129	2.129	2.176	-6
71302	2.129	2.129	2.176	-6
71302	2.129	2.129	2.176	-6
71302	2.129	2.129	2.176	-6
71333	2.194	2.194	2.241	-6
71333	2.194	2.194	2.241	-6
71333	2.194	2.194	2.241	-6
71333	2.194	2.194	2.241	-6
71333	2.194	2.194	2.241	-6
71333	2.194	2.194	2.241	-6
71333	2.194	2.194	2.241	-6
71333	2.194	2.194	2.241	-6
71365	2.249	2.249	2.312	-7
71365	2.249	2.249	2.312	-7
71365	2.249	2.249	2.312	-7
71365	2.249	2.249	2.312	-7
71365	2.249	2.249	2.312	-7
71365	2.249	2.249	2.312	-7
71365	2.249	2.249	2.312	-7
71365	2.249	2.249	2.312	-7
71397	2.325	2.325	2.372	-7
71397	2.325	2.325	2.372	-7
71397	2.325	2.325	2.372	-7
71397	2.325	2.325	2.372	-7
71397	2.325	2.325	2.372	-7
71397	2.325	2.325	2.372	-7
71397	2.325	2.325	2.372	-7
71397	2.325	2.325	2.372	-7
71429	2.404	2.404	2.431	-7
71429	2.404	2.404	2.431	-7
71429	2.404	2.404	2.431	-7
71429	2.404	2.404	2.431	-7
71429	2.404	2.404	2.431	-7
71429	2.404	2.404	2.431	-7
71429	2.404	2.404	2.431	-7
71429	2.404	2.404	2.431	-7
71461	2.455	2.455	2.494	-8
71461	2.455	2.455	2.494	-8
71461	2.455	2.455	2.494	-8
71461	2.455	2.455	2.494	-8
71461	2.455	2.455	2.494	-8
71461	2.455	2.455	2.494	-8
71461	2.455	2.455	2.494	-8
71461	2.455	2.455	2.494	-8
71493	2.517	2.517	2.557	-8
71493	2.517	2.517	2.557	-8
71493	2.517	2.517	2.557	-8
71493	2.517	2.517	2.557	-8
71493	2.517	2.517	2.557	-8
71493	2.517	2.517	2.557	-8
71493	2.517	2.517	2.557	-8
71493	2.517	2.517	2.557	-8
71525	2.600	2.600	2.622	-8
71525	2.600	2.600	2.622	-8
71525	2.600	2.600	2.622	-8
71525	2.600	2.600	2.622	-8
71525	2.600	2.600	2.622	-8
71525	2.600	2.600	2.622	-8
71525	2.600	2.600	2.622	-8
71525	2.600	2.600	2.622	-8
71567	2.666	2.666	2.718	-9
71567	2.666	2.666	2.718	-9
71567	2.666	2.666	2.718	-9
71567	2.666	2.666	2.718	-9
71567	2.666	2.666	2.718	-9
71567	2.666	2.666	2.718	-9
71567	2.666	2.666	2.718	-9
71567	2.666	2.666	2.718	-9
71598	2.745	2.745	2.796	-9
71598	2.745	2.745	2.796	-9
71598	2.745	2.745	2.796	-9
71598	2.745	2.745	2.796	-9
71598	2.745	2.745	2.796	-9
71598	2.745	2.745	2.796	-9
71598	2.745	2.745	2.796	-9
71598	2.745	2.745	2.796	-9
71639	2.872	2.872	2.887	-9
71639	2.872	2.872	2.887	-9
71639	2.872	2.872	2.887	-9
71639	2.872	2.872	2.887	-9
71639	2.872	2.872	2.887	-9
71639	2.872	2.872	2.887	-9
71639	2.872	2.872	2.887	-9
71639	2.872	2.872	2.887	-9
71675	2.930	2.930	2.973	-10
71675	2.930	2.930	2.973	-10
71675	2.930	2.930	2.973	-10
71675	2.930	2.930	2.973	-10
71675	2.930	2.930	2.973	-10
71675	2.930	2.930	2.973	-10
71675	2.930	2.930	2.973	-10
71675	2.930	2.930	2.973	-10
71717	3.036	3.036	3.058	-10
71717	3.036	3.036	3.058	-10
71717	3.036	3.036	3.058	-10
71717	3.036	3.036	3.058	-10
71717	3.036	3.036	3.058	-10
71717	3.036	3.036	3.058	-10
71717	3.036	3.036	3.058	-10
71717	3.036	3.036	3.058	-10
71759	3.075	3.075	3.151	-10
71759	3.075	3.075	3.151	-10
71759	3.075	3.075	3.151	-10
71759	3.075	3.075	3.151	-10
71759	3.075	3.075	3.151	-10
71759	3.075	3.075	3.151	-10
71759	3.075	3.075	3.151	-10
71759	3.075	3.075	3.151	-10
71800	3.144	3.144	3.163	-11
71800	3.144	3.144	3.163	-11
71800	3.144	3.144	3.163	-11
71800	3.144	3.144	3.163	-11
71800	3.144	3.144	3.163	-11
71800	3.144	3.144	3.163	-11
71800	3.144	3.144	3.163	-11
71800	3.144	3.144	3.163	-11
71834	3.166	3.166	3.163	-11
71834	3.166	3.166	3.163	-11
71834	3.166	3.166	3.163	-11
71834	3.166	3.166	3.163	-11
71834	3.166	3.166	3.163	-11
71834	3.166	3.166	3.163	-11
71834	3.166	3.166	3.163	-11
71834	3.166	3.166	3.163	-11
71877	3.166	3.166	3.162	-10
71877	3.166	3.166	3.162	-10
71877	3.166	3.166	3.162	-10
71877	3.166	3.166	3.162	-10
71877	3.166	3.166	3.162	-10
71877	3.166	3.166	3.162	-10
71877	3.166	3.166	3.162	-10
71877	3.166	3.166	3.162	-10
71911	3.181	3.181	3.161	-10
71911	3.181	3.181	3.161	-10
71911	3.181	3.181	3.161	-10
71911	3.181	3.181	3.161	-10
71911	3.181	3.181	3.161	-10
71911	3.181	3.181	3.161	-10
71911	3.181	3.181	3.161	-10
71911	3.181	3.181	3.161	-10
71953	3.184	3.184	3.160	-9
71953	3.184	3.184	3.160	-9
71953	3.184	3.184	3.160	-9
71953	3.184	3.184	3.160	-9
71953	3.184	3.184	3.160	-9
71953	3.184	3.184	3.160	-9
71953	3.184	3.184	3.160	-9
71953	3.184	3.184	3.160	-9
71984	3.141	3.141	3.159	-9
71984	3.141	3.141	3.159	-9
71984	3.141	3.141	3.159	-9
71984	3.141	3.141	3.159	-9
71984	3.141	3.141	3.159	-9
71984	3.141	3.141	3.159	-9
71984	3.141	3.141	3.159	-9
71984	3.141	3.141	3.159	-9
72015	3.141	3.141	3.159	-9
72015	3.141	3.141	3.159	-9
72015	3.141	3.141	3.159	-9
72015	3.141	3.141	3.159	-9
72015	3.141	3.141	3.159	-9
72015	3.141	3.141	3.159	-9
72015	3.141	3.141	3.159	-9
72015	3.141	3.141	3.159	-9
72056	3.170	3.170	3.159	-9
72056	3.170	3.170	3.159	-9
72056	3.170	3.170	3.159	-9
72056	3.170	3.170	3.159	-9
72056	3.170	3.170	3.159	-9
72056	3.170	3.170	3.159	-9
72056	3.170	3.170	3.159	-9
72056	3.170	3.170	3.159	-9
72087	3.152	3.152	3.159	-9
72087	3.152	3.152	3.159	-9
72087	3.152	3.152	3.159	-9
72087	3.152	3.152	3.159	-9
72087	3.152	3.152	3.159	-9
72087	3.152	3.152	3.159	-9
72087	3.152	3.152	3.159	-9
72087	3.152	3.152	3.159	-9
72129	3.141	3.141	3.158	-8
72129	3.141	3.141	3.158	-8
72129	3.141	3.141	3.158	-8
72129	3.141	3.141	3.158	-8
72129	3.141	3.141	3.158	-8
72129	3.141	3.141	3.158	-8
72129	3.141	3.141	3.158	-8
72129	3.141	3.141	3.158	-8
72161	3.162	3.162	3.158	-8
72161	3.162	3.162	3.158	-8
72161	3.162	3.162	3.158	-8
72161	3.162	3.162	3.158	-8
72161	3.162	3.162	3.158	-8
72161	3.162	3.162	3.158	-8
72161	3.162	3.162	3.158	-8
72161	3.162	3.162	3.158	-8
72193	3.126	3.126	3.158	-8
72193	3.126	3.126	3.158	-8
72193	3.126	3.126	3.158	-8
72193	3.126	3.126	3.158	-8
72193	3.126	3.126	3.158	-8
72193	3.126	3.126	3.158	-8
72193	3.126	3.126	3.158	-8
72193	3.126	3.126	3.158	-8
72227	3.155	3.155	3.158	-8
72227	3.155	3.155	3.158	-8
72227	3.155	3.155	3.158	-8
72227	3.155	3.155	3.158	-8
72227	3.155	3.155	3.158	-8
72227	3.155	3.155	3.158	-8
72227	3.155	3.155	3.158	-8
72227	3.155	3.155	3.158	-8
72268	3.159	3.159	3.157	-8
72268	3.159	3.159	3.157	-8
72268	3.159	3.159	3.157	-8
72268	3.159	3.159	3.157	-8
72268	3.159	3.159	3.157	-8
72268	3.159	3.159	3.157	-8
72268	3.159	3.159	3.157	-8
72268	3.159	3.159	3.157	-8
72310	3.162	3.162	3.157	-7
72310	3.162	3.162	3.157	-7
72310	3.162	3.162	3.157	-7
72310	3.162	3.162	3.157	-7
72310	3.162	3.162	3.157	-7
72310	3.162	3.162	3.157	-7
72310	3.162	3.162	3.157	-7
72310	3.162	3.162	3.157	-7
72341	3.162	3.162	3.156	-7
72341	3.162	3.162	3.156	-7
72341	3.162	3.162	3.156	-7
72341	3.162	3.162	3.156	-7
72341	3.162	3.162	3.156	-7
72341	3.162	3.162	3.156	-7
72341	3.162	3.162	3.156	-7
72341	3.162	3.162	3.156	-7
72374	3.148	3.148	3.155	-7
72374	3.148	3.148	3.155	-7
72374	3.148	3.148	3.155	-7
72374	3.148	3.148	3.155	-7
72374	3.148	3.148	3.155	-7
72374	3.148	3.148	3.155	-7
72374	3.148	3.148	3.155	-7
72374	3.148	3.148	3.155	-7
72416	3.155	3.155	3.155	-7
72416	3.155	3.155	3.155	-7
72416	3.155	3.155	3.155	-7
72416	3.155	3.155	3.155	-7
72416	3.155	3.155	3.155	-7
72416	3.155	3.155	3.155	-7
72416	3.155	3.155	3.155	-7
72416	3.155	3.155	3.155	-7
72451	3.148	3.148	3.155	-7
72451	3.148	3.148	3.155	-7
72451	3.148	3.148	3.155	-7
72451	3.148	3.148	3.155	-7
72451	3.148	3.148	3.155	-7
72451	3.148	3.148	3.155	-7
72451	3.148	3.148	3.155	-7
72451	3.148	3.148	3.155	-7
72482	3.144	3.144	3.155	-7
72482	3.144	3.144	3.155	-7
72482	3.144	3.144	3.155	-7
72482	3.144	3.144	3.155	-7
72482	3.144	3.144	3.155	-7
72482	3.144	3.144	3.155	-7
72482	3.144	3.144	3.155	-7
72482	3.144	3.144	3.155	-7
72515	3.141	3.141	3.161	-7
72515	3.141	3.141	3.161	-7
72515	3.141	3.141	3.161	-7
72515	3.141	3.141	3.161	-7
72515	3.141	3.141	3.161	-7
72515	3.141	3.141	3.161	-7
72515	3.141	3.141	3.161	-7
72515	3.141	3.141	3.161	-7
72555	3.210	3.210	3.242	-7
72555	3.210	3.210	3.242	-7
72555	3.210	3.210	3.242	-7
72555	3.210	3.210	3.242	-7
72555	3.210	3.210	3.242	-7
72555	3.210	3.210	3.242	-7
72555	3.210	3.210	3.242	-7
72555	3.210	3.210	3.242	-7
72588	3.279	3.279	3.309	-7
72588	3.279	3.279	3.309	-7
72588	3.279	3.279	3.309	-7
72588	3.279	3.279	3.309	-7
72588	3.279	3.279	3.309	-7
72588	3.279	3.279	3.309	-7
72588	3.279	3.279	3.309	-7
72588	3.279	3.279	3.309	-7
72619	3.373	3.373	3.373	-7
72619	3.373	3.373	3.373	-7
72619	3.373	3.373	3.373	-7
72619	3.373	3.373	3.373	-7
72619	3.373	3.373	3.373	-7
72619	3.373	3.373	3.373	-7
72619	3.373	3.373	3.373	-7
72619	3.373	3.373	3.373	-7
72651	3.413	3.413	3.439	-7
72651	3.413	3.413	3.439	-7
72651	3.413	3.413	3.439	-7
72651	3.413	3.413	3.439	-7
72651	3.413	3.413	3.439	-7
72651	3.413	3.413	3.439	-7
72651	3.413	3.413	3.439	-7
72651	3.413	3.413	3.439	-7
72683	3.489	3.489	3.505	-7
72683	3.489	3.489	3.505	-7
72683	3.489	3.489	3.505	-7
72683	3.489	3.489	3.505	-7
72683	3.489	3.489	3.505	-7
72683	3.489	3.489	3.505	-7
72683	3.489	3.489	3.505	-7
72683	3.489	3.489	3.505	-7
72716	3.503	3.503	3.568	-8
72716	3.503	3.503	3.568	-8
72716	3.503	3.503	3.568	-8
72716	3.503	3.503	3.568	-8
72716	3.503	3.503	3.568	-8
72716	3.503	3.503	3.568	-8
72716	3.503	3.503	3.568	-8
72716	3.503	3.503	3.568	-8
72749	3.565	3.565	3.629	-8
72749	3.565	3.565	3.629	-8
72749	3.565	3.565	3.629	-8
72749	3.565	3.565	3.629	-8
72749	3.565	3.565	3.629	-8
72749	3.565	3.565	3.629	-8
72749	3.565	3.565	3.629	-8
72749	3.565	3.565	3.629	-8
72780	3.641	3.641	3.683	-8
72780	3.641	3.641	3.683	-8
72780	3.641	3.641	3.683	-8
72780	3.641	3.641	3.683	-8
72780	3.641	3.641	3.683	-8
72780	3.641	3.641	3.683	-8
72780	3.641	3.641	3.683	-8
72780	3.641	3.641	3.683	-8
72822	3.696	3.696	3.752	-9
72822	3.696	3.696	3.752	-9
72822	3.696	3.696	3.752	-9
72822	3.696	3.696	3.752	-9
72822	3.696	3.696	3.752	-9
72822	3.696	3.696	3.752	-9
72822	3.696	3.696	3.752	-9
72822	3.696	3.696	3.752	-9
72853	3.743	3.743	3.807	-9
72853	3.743	3.743	3.807	-9
72853	3.743	3.743	3.807	-9
72853	3.743	3.743	3.807	-9
72853	3.743	3.743	3.807	-9
72853	3.743	3.743	3.807	-9
72853	3.743	3.743	3.807	-9
72853	3.743	3.743	3.807	-9
72886	3.826	3.826	3.866	-10
72886	3.826	3.826	3.866	-10
72886	3.826	3.826	3.866	-10
72886	3.826	3.826	3.866	-10
72886	3.826	3.826	3.866	-10
72886	3.826	3.826	3.866	-10
72886	3.826	3.826	3.866	-10
72886	3.826	3.826	3.866	-10
72919	3.895	3.895	3.933	-10
72919	3.895	3.895	3.933	-10
72919	3.895	3.895	3.933	-10
72919	3.895	3.895	3.933	-10
72919	3.895	3.895	3.933	-10
72919	3.895	3.895	3.933	-10
72919	3.895	3.895	3.933	-10
72919	3.895	3.895	3.933	-10
72961	3.964	3.964	4.008	-10
72961	3.964	3.964	4.008	-10
72961	3.964	3.964	4.008	-10
72961	3.964	3.964	4.008	-10
72961	3.964	3.964	4.008	-10
72961	3.964	3.964	4.008	-10
72961	3.964	3.964	4.008	-10
72961	3.964	3.964	4.008	-10
72992	4.036	4.036	4.073	-10
72992	4.036	4.036	4.073	-10
72992	4.036	4.036	4.073	-10
72992	4.036	4.036	4.073	-10
72992	4.036	4.036	4.073	-10
72992	4.036	4.036	4.073	-10
72992	4.036	4.036	4.073	-10
72992	4.036	4.036	4.073	-10
73034	4.116	4.116	4.157	-11
73034	4.116	4.116	4.157	-11
73034	4.116	4.116	4.157	-11
73034	4.116	4.116	4.157	-11
73034	4.116	4.116	4.157	-11
73034	4.116	4.116	4.157	-11
73034	4.116	4.116	4.157	-11
73034	4.116	4.116	4.157	-11
73075	4.229	4.229	4.238	-11
73075	4.229	4.229	4.238	-11
73075	4.229	4.229	4.238	-11
73075	4.229	4.229	4.238	-11
73075	4.229	4.229	4.238	-11
73075	4.229	4.229	4.238	-11
73075	4.229	4.229	4.238	-11
73075	4.229	4.229	4.238	-11
73116	4.276	4.276	4.319	-11
73116	4.276	4.276	4.319	-11
73116	4.276	4.276	4.319	-11
73116	4.276	4.276	4.319	-11
73116	4.276	4.276	4.319	-11
73116	4.276	4.276	4.319	-11
73116	4.276	4.276	4.319	-11
73116	4.276	4.276	4.319	-11
73156	4.367	4.367	4.403	-11
73156	4.367	4.367	4.403	-11
73156	4.367	4.367	4.403	-11
73156	4.367	4.367	4.403	-11
73156	4.367	4.367	4.403	-11
73156	4.367	4.367	4.403	-11
73156	4.367	4.367	4.403	-11
73156	4.367	4.367	4.403	-11
73197	4.450	4.450	4.491	-12
73197	4.450	4.450	4.491	-12
73197	4.450	4.450	4.491	-12
73197	4.450	4.450	4.491	-12
73197	4.450	4.450	4.491	-12
73197	4.450	4.450	4.491	-12
73197	4.450	4.450	4.491	-12
73197	4.450	4.450	4.491	-12
73231	4.533	4.533	4.568	-12
73231	4.533	4.533	4.568	-12
73231	4.533	4.533	4.568	-12
73231	4.533	4.533	4.568	-12
73231	4.533	4.533	4.568	-12
73231	4.533	4.533	4.568	-12
73231	4.533	4.533	4.568	-12
73231	4.533	4.533	4.568	-12
73264	4.631	4.631	4.639	-12
73264	4.631	4.631	4.639	-12
73264	4.631	4.631	4.639	-12
73264	4.631	4.631	4.639	-12
73264	4.631	4.631	4.639	-12
73264	4.631	4.631	4.639	-12
73264	4.631	4.631	4.639	-12
73264	4.631	4.631	4.639	-12
73296	4.693	4.693	4.710	-12
73296	4.693	4.693	4.710	-12
73296	4.693	4.693	4.710	-12
73296	4.693	4.693	4.710	-12
73296	4.693	4.693	4.710	-12
73296	4.693	4.693	4.710	-12
73296	4.693	4.693	4.710	-12
73296	4.693	4.693	4.710	-12
73328	4.762	4.762	4.735	-11
73328	4.762	4.762	4.735	-11
73328	4.762	4.762	4.735	-11
73328	4.762	4.762	4.735	-11
73328	4.762	4.762	4.735	-11
73328	4.762	4.762	4.735	-11
73328	4.762	4.762	4.735	-11
73328	4.762	4.762	4.735	-11
73369	4.733	4.733	4.772	-11
73369	4.733	4.733	4.772	-11
73369	4.733	4.733	4.772	-11
73369	4.733	4.733	4.772	-11
73369	4.733	4.733	4.772	-11
73369	4.733	4.733	4.772	-11
73369	4.733	4.733	4.772	-11
73369	4.733	4.733	4.772	-11
73410	4.838	4.838	4.868	-11
73410	4.838	4.838	4.868	-11
73410	4.838	4.838	4.868	-11
73410	4.838	4.838	4.868	-11
73410	4.838	4.838	4.868	-11
73410	4.838	4.838	4.868	-11
73410	4.838	4.838	4.868	-11
73410	4.838	4.838	4.868	-11
73442	4.921	4.921	4.942	-11
73442	4.921	4.921	4.942	-11
73442	4.921	4.921	4.942	-11
73442	4.921	4.921	4.942	-11
73442	4.921	4.921	4.942	-11
73442	4.921	4.921	4.942	-11
73442	4.921	4.921	4.942	-11
73442	4.921	4.921	4.942	-11
73485	4.990	4.990	5.032	-11
73485	4.990	4.990	5.032	-11
73485	4.990	4.990	5.032	-11
73485	4.990	4.990	5.032	-11
73485	4.990	4.990	5.032	-11
73485	4.990	4.990	5.032	-11
73485	4.990	4.990	5.032	-11
73485	4.990	4.990	5.032	-11
73517	5.081	5.081	5.101	-11
73517	5.081	5.081	5.101	-11
73517	5.081	5.081	5.101	-11
73517	5.081	5.081	5.101	-11
73517	5.081	5.081	5.101	-11
73517	5.081	5.081	5.101	-11
73517	5.081	5.081	5.101	-11
73517	5.081	5.081	5.101	-11
73560	5.168	5.168	5.196	-11
73560	5.168	5.168	5.196	-11
73560	5.168	5.168	5.196	-11
73560	5.168	5.168	5.196	-11
73560	5.168	5.168	5.196	-11
73560	5.168	5.168	5.196	-11
73560	5.168	5.168	5.196	-11
73560	5.168	5.168	5.196	-11
73603	5.259	5.259	5.289	-12
73603	5.259	5.259	5.289	-12
73603	5.259	5.259	5.289	-12
73603	5.259	5.259	5.289	-12
73603	5.259	5.259	5.289	-12
73603	5.259	5.259	5.289	-12
73603	5.259	5.259	5.289	-12
73603	5.259	5.259	5.289	-12
73635	5.306	5.306	5.360	-12
73635	5.306	5.306	5.360	-12
73635	5.306	5.306	5.360	-12
73635	5.306	5.306	5.360	-12
73635	5.306	5.306	5.360	-12
73635	5.306	5.306	5.360	-12
73635	5.306	5.306	5.360	-12
73635	5.306	5.306	5.360	-12
73668	5.386	5.386	5.433	-12
73668	5.386	5.386	5.433	-12
73668	5.386	5.386	5.433	-12
73668	5.386	5.386	5.433	-12
73668	5.386	5.386	5.433	-12
73668	5.386	5.386	5.433	-12
73668	5.386	5.386	5.433	-12
73668	5.386	5.386	5.433	-12
73701	5.465	5.465	5.510	-13
73701	5.465	5.465	5.510	-13
73701	5.465	5.465	5.510	-13
73701	5.465	5.465	5.510	-13
73701	5.465	5.465	5.510	-13
73701	5.465	5.465	5.510	-13
73701	5.465	5.465	5.510	-13
73701	5.465	5.465	5.510	-13
73733	5.552	5.552	5.583	-13
73733	5.552	5.552	5.583	-13
73733	5.552	5.552	5.583	-13
73733	5.552	5.552	5.583	-13
73733	5.552	5.552	5.583	-13
73733	5.552	5.552	5.583	-13
73733	5.552	5.552	5.583	-13
73733	5.552	5.552	5.583	-13
73775	5.654	5.654	5.677	-13
73775	5.654	5.654	5.677	-13
73775	5.654	5.654	5.677	-13
73775	5.654	5.654	5.677	-13
73775	5.654	5.654	5.677	-13
73775	5.654	5.654	5.677	-13
73775	5.654	5.654	5.677	-13
73775	5.654	5.654	5.677	-13
73817	5.766	5.766	5.771	-13
73817	5.766	5.766	5.771	-13
73817	5.766	5.766	5.771	-13
73817	5.766	5.766	5.771	-13
73817	5.766	5.766	5.771	-13
73817	5.766	5.766	5.771	-13
73817	5.766	5.766	5.771	-13
73817	5.766	5.766	5.771	-13
73851	5.839	5.839	5.849	-13
73851	5.839	5.839	5.849	-13
73851	5.839	5.839	5.849	-13
73851	5.839	5.839	5.849	-13
73851	5.839	5.839	5.849	-13
73851	5.839	5.839	5.849	-13
73851	5.839	5.839	5.849	-13
73851	5.839	5.839	5.849	-13
73893	5.930	5.930	5.949	-12
73893	5.930	5.930	5.949	-12
73893	5.930	5.930	5.949	-12
73893	5.930	5.930	5.949	-12
73893	5.930	5.930	5.949	-12
73893	5.930	5.930	5.949	-12
73893	5.930	5.930	5.949	-12
73893	5.930	5.930	5.949	-12
73925	6.013	6.013	6.036	-12
73925	6.013	6.013	6.036	-12
73925	6.013	6.013	6.036	-12
73925	6.013	6.013	6.036	-12
73925	6.013	6.013	6.036	-12
73925	6.013	6.013	6.036	-12
73925	6.013	6.013	6.036	-12
73925	6.013	6.013	6.036	-12
73967	6.096	6.096	6.128	-12
73967	6.096	6.096	6.128	-12
73967	6.096	6.096	6.128	-12
73967	6.096	6.096	6.128	-12
73967	6.096	6.096	6.128	-12
73967	6.096	6.096	6.128	-12
73967	6.096	6.096	6.128	-12
73967	6.096	6.096	6.128	-12
74009	6.205	6.205	6.221	-12
74009	6.205	6.205	6.221	-12
74009	6.205	6.205	6.221	-12
74009	6.205	6.205	6.221	-12
74009	6.205	6.205	6.221	-12
74009	6.205	6.205	6.221	-12
74009	6.205	6.205	6.221	-12
74009	6.205	6.205	6.221	-12
74051	6.281	-0.002	0.000	00
74051	6.281	-0.002	0.000	00
74051	6.281	-0.002	0.000	00
74051	6.281	-0.002	0.000	00
74051	6.281	-0.002	0.000	00
74051	6.281	-0.002	0.000	00
74051	6.281	-0.002	0.000	00
74051	6.281	-0.002	0.000	00
74085	0.049	0.049	0.024	-12
74085	0.049	0.049	0.024	-12
74085	0.049	0.049	0.024	-12
74085	0.049	0.049	0.024	-12
74085	0.049	0.049	0.024	-12
74085	0.049	0.049	0.024	-12
74085	0.049	0.049	0.024	-12
74085	0.049	0.049	0.024	-12
74117	0.016	0.016	0.023	-11
74117	0.016	0.016	0.023	-11
74117	0.016	0.016	0.023	-11
74117	0.016	0.016	0.023	-11
74117	0.016	0.016	0.023	-11
74117	0.016	0.016	0.023	-11
74117	0.016	0.016	0.023	-11
74117	0.016	0.016	0.023	-11
74159	0.024	0.024	0.022	-11
74159	0.024	0.024	0.022	-11
74159	0.024	0.024	0.022	-11
74159	0.024	0.024	0.022	-11
74159	0.024	0.024	0.022	-11
74159	0.024	0.024	0.022	-11
74159	0.024	0.024	0.022	-11
74159	0.024	0.024	0.022	-11
74201	0.034	0.034	0.021	-10
74201	0.034	0.034	0.021	-10
74201	0.034	0.034	0.021	-10
74201	0.034	0.034	0.021	-10
74201	0.034	0.034	0.021	-10
74201	0.034	0.034	0.021	-10
74201	0.034	0.034	0.021	-10
74201	0.034	0.034	0.021	-10
74242	0.049	0.049	0.020	-10
74242	0.049	0.049	0.020	-10
74242	0.049	0.049	0.020	-10
74242	0.049	0.049	0.020	-10
74242	0.049	0.049	0.020	-10
74242	0.049	0.049	0.020	-10
74242	0.049	0.049	0.020	-10
74242	0.049	0.049	0.020	-10
74284	0.042	0.042	0.018	-9
74284	0.042	0.042	0.018	-9
74284	0.042	0.042	0.018	-9
74284	0.042	0.042	0.018	-9
74284	0.042	0.042	0.018	-9
74284	0.042	0.042	0.018	-9
74284	0.042	0.042	0.018	-9
74284	0.042	0.042	0.018	-9
74324	0.024	0.024	0.017	-8
74324	0.024	0.024	0.017	-8
74324	0.024	0.024	0.017	-8
74324	0.024	0.024	0.017	-8
74324	0.024	0.024	0.017	-8
74324	0.024	0.024	0.017	-8
74324	0.024	0.024	0.017	-8
74324	0.024	0.024	0.017	-8
74355	0.042	0.042	0.016	-8
74355	0.042	0.042	0.016	-8
74355	0.042	0.042	0.016	-8
74355	0.042	0.042	0.016	-8
74355	0.042	0.042	0.016	-8
74355	0.042	0.042	0.016	-8
74355	0.042	0.042	0.016	-8
74355	0.042	0.042	0.016	-8
74387	0.016	0.016	0.015	-7
74387	0.016	0.016	0.015	-7
74387	0.016	0.016	0.015	-7
74387	0.016	0.016	0.015	-7
74387	0.016	0.016	0.015	-7
74387	0.016	0.016	0.015	-7
74387	0.016	0.016	0.015	-7
74387	0.016	0.016	0.015	-7
74419	0.016	0.016	0.014	-7
74419	0.016	0.016	0.014	-7
74419	0.016	0.016	0.014	-7
74419	0.016	0.016	0.014	-7
74419	0.016	0.016	0.014	-7
74419	0.016	0.016	0.014	-7
74419	0.016	0.016	0.014	-7
74419	0.016	0.016	0.014	-7
74451	0.009	0.009	0.014	-7
74451	0.009	0.009	0.014	-7
74451	0.009	0.009	0.014	-7
74451	0.009	0.009	0.014	-7
74451	0.009	0.009	0.014	-7
74451	0.009	0.009	0.014	-7
74451	0.009	0.009	0.014	-7
74451	0.009	0.009	0.014	-7
74492	0.002	0.002	0.013	-7
74492	0.002	0.002	0.013	-7
74492	0.002	0.002	0.013	-7
74492	0.002	0.002	0.013	-7
74492	0.002	0.002	0.013	-7
74492	0.002	0.002	0.013	-7
74492	0.002	0.002	0.013	-7
74492	0.002	0.002	0.013	-7
74525	0.027	0.027	0.013	-7
74525	0.027	0.027	0.013	-7
74525	0.027	0.027	0.013	-7
74525	0.027	0.027	0.013	-7
74525	0.027	0.027	0.013	-7
74525	0.027	0.027	0.013	-7
74525	0.027	0.027	0.013	-7
74525	0.027	0.027	0.013	-7
74558	0.020	0.020	0.013	-6
74558	0.020	0.020	0.013	-6
74558	0.020	0.020	0.013	-6
74558	0.020	0.020	0.013	-6
74558	0.020	0.020	0.013	-6
74558	0.020	0.020	0.013	-6
74558	0.020	0.020	0.013	-6
74558	0.020	0.020	0.013	-6
74589	0.005	0.005	0.012	-6
74589	0.005	0.005	0.012	-6
74589	0.005	0.005	0.012	-6
74589	0.005	0.005	0.012	-6
74589	0.005	0.005	0.012	-6
74589	0.005	0.005	0.012	-6
74589	0.005	0.005	0.012	-6
74589	0.005	0.005	0.012	-6
74623	0.005	0.005	0.012	-6
74623	0.005	0.005	0.012	-6
74623	0.005	0.005	0.012	-6
74623	0.005	0.005	0.012	-6
74623	0.005	0.005	0.012	-6
74623	0.005	0.005	0.012	-6
74623	0.005	0.005	0.012	-6
74623	0.005	0.005	0.012	-6
74655	0.009	0.009	0.012	-6
74655	0.009	0.009	0.012	-6
74655	0.009	0.009	0.012	-6
74655	0.009	0.009	0.012	-6
74655	0.009	0.009	0.012	-6
74655	0.009	0.009	0.012	-6
74655	0.009	0.009	0.012	-6
74655	0.009	0.009	0.012	-6
74687	6.271	-0.013	0.012	-6
74687	6.271	-0.013	0.012	-6
74687	6.271	-0.013	0.012	-6
74687	6.271	-0.013	0.012	-6
74687	6.271	-0.013	0.012	-6
74687	6.271	-0.013	0.012	-6
74687	6.271	-0.013	0.012	-6
74687	6.271	-0.013	0.012	-6
74720	0.002	0.002	0.012	-6
74720	0.002	0.002	0.012	-6
74720	0.002	0.002	0.012	-6
74720	0.002	0.002	0.012	-6
74720	0.002	0.002	0.012	-6
74720	0.002	0.002	0.012	-6
74720	0.002	0.002	0.012	-6
74720	0.002	0.002	0.012	-6
74762	6.278	-0.005	0.012	-6
74762	6.278	-0.005	0.012	-6
74762	6.278	-0.005	0.012	-6
74762	6.278	-0.005	0.012	-6
74762	6.278	-0.005	0.012	-6
74762	6.278	-0.005	0.012	-6
74762	6.278	-0.005	0.012	-6
74762	6.278	-0.005	0.012	-6
74804	0.009	0.009	0.091	-7
74804	0.009	0.009	0.091	-7
74804	0.009	0.009	0.091	-7
74804	0.009	0.009	0.091	-7
74804	0.009	0.009	0.091	-7
74804	0.009	0.009	0.091	-7
74804	0.009	0.009	0.091	-7
74804	0.009	0.009	0.091	-7
74836	0.132	0.132	0.160	-8
74836	0.132	0.132	0.160	-8
74836	0.132	0.132	0.160	-8
74836	0.132	0.132	0.160	-8
74836	0.132	0.132	0.160	-8
74836	0.132	0.132	0.160	-8
74836	0.132	0.132	0.160	-8
74836	0.132	0.132	0.160	-8
74868	0.209	0.209	0.228	-7
74868	0.209	0.209	0.228	-7
74868	0.209	0.209	0.228	-7
74868	0.209	0.209	0.228	-7
74868	0.209	0.209	0.228	-7
74868	0.209	0.209	0.228	-7
74868	0.209	0.209	0.228	-7
74868	0.209	0.209	0.228	-7
74908	0.292	0.292	0.319	-8
74908	0.292	0.292	0.319	-8
74908	0.292	0.292	0.319	-8
74908	0.292	0.292	0.319	-8
74908	0.292	0.292	0.319	-8
74908	0.292	0.292	0.319	-8
74908	0.292	0.292	0.319	-8
74908	0.292	0.292	0.319	-8
74949	0.383	0.383	0.404	-8
74949	0.383	0.383	0.404	-8
74949	0.383	0.383	0.404	-8
74949	0.383	0.383	0.404	-8
74949	0.383	0.383	0.404	-8
74949	0.383	0.383	0.404	-8
74949	0.383	0.383	0.404	-8
74949	0.383	0.383	0.404	-8
74984	0.455	0.455	0.481	-8
74984	0.455	0.455	0.481	-8
74984	0.455	0.455	0.481	-8
74984	0.455	0.455	0.481	-8
74984	0.455	0.455	0.481	-8
74984	0.455	0.455	0.481	-8
74984	0.455	0.455	0.481	-8
74984	0.455	0.455	0.481	-8
75016	0.531	0.531	0.550	-8
75016	0.531	0.531	0.550	-8
75016	0.531	0.531	0.550	-8
75016	0.531	0.531	0.550	-8
75016	0.531	0.531	0.550	-8
75016	0.531	0.531	0.550	-8
75016	0.531	0.531	0.550	-8
75016	0.531	0.531	0.550	-8
75056	0.611	0.611	0.639	-8
75056	0.611	0.611	0.639	-8
75056	0.611	0.611	0.639	-8
75056	0.611	0.611	0.639	-8
75056	0.611	0.611	0.639	-8
75056	0.611	0.611	0.639	-8
75056	0.611	0.611	0.639	-8
75056	0.611	0.611	0.639	-8
75089	0.698	0.698	0.712	-8
75089	0.698	0.698	0.712	-8
75089	0.698	0.698	0.712	-8
75089	0.698	0.698	0.712	-8
75089	0.698	0.698	0.712	-8
75089	0.698	0.698	0.712	-8
75089	0.698	0.698	0.712	-8
75089	0.698	0.698	0.712	-8
75120	0.774	0.774	0.777	-8
75120	0.774	0.774	0.777	-8
75120	0.774	0.774	0.777	-8
75120	0.774	0.774	0.777	-8
75120	0.774	0.774	0.777	-8
75120	0.774	0.774	0.777	-8
75120	0.774	0.774	0.777	-8
75120	0.774	0.774	0.777	-8
75153	0.792	0.792	0.834	-8
75153	0.792	0.792	0.834	-8
75153	0.792	0.792	0.834	-8
75153	0.792	0.792	0.834	-8
75153	0.792	0.792	0.834	-8
75153	0.792	0.792	0.834	-8
75153	0.792	0.792	0.834	-8
75153	0.792	0.792	0.834	-8
75186	0.865	0.865	0.891	-9
75186	0.865	0.865	0.891	-9
75186	0.865	0.865	0.891	-9
75186	0.865	0.865	0.891	-9
75186	0.865	0.865	0.891	-9
75186	0.865	0.865	0.891	-9
75186	0.865	0.865	0.891	-9
75186	0.865	0.865	0.891	-9
75217	0.948	0.948	0.947	-8
75217	0.948	0.948	0.947	-8
75217	0.948	0.948	0.947	-8
75217	0.948	0.948	0.947	-8
75217	0.948	0.948	0.947	-8
75217	0.948	0.948	0.947	-8
75217	0.948	0.948	0.947	-8
75217	0.948	0.948	0.947	-8
75258	1.032	1.032	1.025	-8
75258	1.032	1.032	1.025	-8
75258	1.032	1.032	1.025	-8
75258	1.032	1.032	1.025	-8
75258	1.032	1.032	1.025	-8
75258	1.032	1.032	1.025	-8
75258	1.032	1.032	1.025	-8
75258	1.032	1.032	1.025	-8
75289	1.090	1.090	1.087	-8
75289	1.090	1.090	1.087	-8
75289	1.090	1.090	1.087	-8
75289	1.090	1.090	1.087	-8
75289	1.090	1.090	1.087	-8
75289	1.090	1.090	1.087	-8
75289	1.090	1.090	1.087	-8
75289	1.090	1.090	1.087	-8
75323	1.133	1.133	1.160	-8
75323	1.133	1.133	1.160	-8
75323	1.133	1.133	1.160	-8
75323	1.133	1.133	1.160	-8
75323	1.133	1.133	1.160	-8
75323	1.133	1.133	1.160	-8
75323	1.133	1.133	1.160	-8
75323	1.133	1.133	1.160	-8
75355	1.202	1.202	1.230	-8
75355	1.202	1.202	1.230	-8
75355	1.202	1.202	1.230	-8
75355	1.202	1.202	1.230	-8
75355	1.202	1.202	1.230	-8
75355	1.202	1.202	1.230	-8
75355	1.202	1.202	1.230	-8
75355	1.202	1.202	1.230	-8
75386	1.282	1.282	1.299	-8
75386	1.282	1.282	1.299	-8
75386	1.282	1.282	1.299	-8
75386	1.282	1.282	1.299	-8
75386	1.282	1.282	1.299	-8
75386	1.282	1.282	1.299	-8
75386	1.282	1.282	1.299	-8
75386	1.282	1.282	1.299	-8
75418	1.340	1.340	1.376	-8
75418	1.340	1.340	1.376	-8
75418	1.340	1.340	1.376	-8
75418	1.340	1.340	1.376	-8
75418	1.340	1.340	1.376	-8
75418	1.340	1.340	1.376	-8
75418	1.340	1.340	1.376	-8
75418	1.340	1.340	1.376	-8
75449	1.394	1.394	1.450	-9
75449	1.394	1.394	1.450	-9
75449	1.394	1.394	1.450	-9
75449	1.394	1.394	1.450	-9
75449	1.394	1.394	1.450	-9
75449	1.394	1.394	1.450	-9
75449	1.394	1.394	1.450	-9
75449	1.394	1.394	1.450	-9
75490	1.496	1.496	1.550	-9
75490	1.496	1.496	1.550	-9
75490	1.496	1.496	1.550	-9
75490	1.496	1.496	1.550	-9
75490	1.496	1.496	1.550	-9
75490	1.496	1.496	1.550	-9
75490	1.496	1.496	1.550	-9
75490	1.496	1.496	1.550	-9
75531	1.612	1.612	1.590	-9
75531	1.612	1.612	1.590	-9
75531	1.612	1.612	1.590	-9
75531	1.612	1.612	1.590	-9
75531	1.612	1.612	1.590	-9
75531	1.612	1.612	1.590	-9
75531	1.612	1.612	1.590	-9
75531	1.612	1.612	1.590	-9
75565	1.605	1.605	1.618	-9
75565	1.605	1.605	1.618	-9
75565	1.605	1.605	1.618	-9
75565	1.605	1.605	1.618	-9
75565	1.605	1.605	1.618	-9
75565	1.605	1.605	1.618	-9
75565	1.605	1.605	1.618	-9
75565	1.605	1.605	1.618	-9
75599	1.656	1.656	1.699	-9
75599	1.656	1.656	1.699	-9
75599	1.656	1.656	1.699	-9
75599	1.656	1.656	1.699	-9
75599	1.656	1.656	1.699	-9
75599	1.656	1.656	1.699	-9
75599	1.656	1.656	1.699	-9
75599	1.656	1.656	1.699	-9
75633	1.721	1.721	1.776	-9
75633	1.721	1.721	1.776	-9
75633	1.721	1.721	1.776	-9
75633	1.721	1.721	1.776	-9
75633	1.721	1.721	1.776	-9
75633	1.721	1.721	1.776	-9
75633	1.721	1.721	1.776	-9
75633	1.721	1.721	1.776	-9
75666	1.815	1.815	1.850	-10
75666	1.815	1.815	1.850	-10
75666	1.815	1.815	1.850	-10
75666	1.815	1.815	1.850	-10
75666	1.815	1.815	1.850	-10
75666	1.815	1.815	1.850	-10
75666	1.815	1.815	1.850	-10
75666	1.815	1.815	1.850	-10
75698	1.873	1.873	1.924	-10
75698	1.873	1.873	1.924	-10
75698	1.873	1.873	1.924	-10
75698	1.873	1.873	1.924	-10
75698	1.873	1.873	1.924	-10
75698	1.873	1.873	1.924	-10
75698	1.873	1.873	1.924	-10
75698	1.873	1.873	1.924	-10
75730	1.978	1.978	1.997	-10
75730	1.978	1.978	1.997	-10
75730	1.978	1.978	1.997	-10
75730	1.978	1.978	1.997	-10
75730	1.978	1.978	1.997	-10
75730	1.978	1.978	1.997	-10
75730	1.978	1.978	1.997	-10
75730	1.978	1.978	1.997	-10
75772	2.040	2.040	2.091	-11
75772	2.040	2.040	2.091	-11
75772	2.040	2.040	2.091	-11
75772	2.040	2.040	2.091	-11
75772	2.040	2.040	2.091	-11
75772	2.040	2.040	2.091	-11
75772	2.040	2.040	2.091	-11
75772	2.040	2.040	2.091	-11
75813	2.102	2.102	2.175	-11
75813	2.102	2.102	2.175	-11
75813	2.102	2.102	2.175	-11
75813	2.102	2.102	2.175	-11
75813	2.102	2.102	2.175	-11
75813	2.102	2.102	2.175	-11
75813	2.102	2.102	2.175	-11
75813	2.102	2.102	2.175	-11
75854	2.203	2.203	2.272	-12
75854	2.203	2.203	2.272	-12
75854	2.203	2.203	2.272	-12
75854	2.203	2.203	2.272	-12
75854	2.203	2.203	2.272	-12
75854	2.203	2.203	2.272	-12
75854	2.203	2.203	2.272	-12
75854	2.203	2.203	2.272	-12
75895	2.330	2.330	2.363	-13
75895	2.330	2.330	2.363	-13
75895	2.330	2.330	2.363	-13
75895	2.330	2.330	2.363	-13
75895	2.330	2.330	2.363	-13
75895	2.330	2.330	2.363	-13
75895	2.330	2.330	2.363	-13
75895	2.330	2.330	2.363	-13
75928	2.410	2.410	2.439	-13
75928	2.410	2.410	2.439	-13
75928	2.410	2.410	2.439	-13
75928	2.410	2.410	2.439	-13
75928	2.410	2.410	2.439	-13
75928	2.410	2.410	2.439	-13
75928	2.410	2.410	2.439	-13
75928	2.410	2.410	2.439	-13
75970	2.493	2.493	2.537	-13
75970	2.493	2.493	2.537	-13
75970	2.493	2.493	2.537	-13
75970	2.493	2.493	2.537	-13
75970	2.493	2.493	2.537	-13
75970	2.493	2.493	2.537	-13
75970	2.493	2.493	2.537	-13
75970	2.493	2.493	2.537	-13
76002	2.573	2.573	2.614	-13
76002	2.573	2.573	2.614	-13
76002	2.573	2.573	2.614	-13
76002	2.573	2.573	2.614	-13
76002	2.573	2.573	2.614	-13
76002	2.573	2.573	2.614	-13
76002	2.573	2.573	2.614	-13
76002	2.573	2.573	2.614	-13
76045	2.678	2.678	2.715	-14
76045	2.678	2.678	2.715	-14
76045	2.678	2.678	2.715	-14
76045	2.678	2.678	2.715	-14
76045	2.678	2.678	2.715	-14
76045	2.678	2.678	2.715	-14
76045	2.678	2.678	2.715	-14
76045	2.678	2.678	2.715	-14
76078	2.744	2.744	2.793	-14
76078	2.744	2.744	2.793	-14
76078	2.744	2.744	2.793	-14
76078	2.744	2.744	2.793	-14
76078	2.744	2.744	2.793	-14
76078	2.744	2.744	2.793	-14
76078	2.744	2.744	2.793	-14
76078	2.744	2.744	2.793	-14
76121	2.856	2.856	2.889	-14
76121	2.856	2.856	2.889	-14
76121	2.856	2.856	2.889	-14
76121	2.856	2.856	2.889	-14
76121	2.856	2.856	2.889	-14
76121	2.856	2.856	2.889	-14
76121	2.856	2.856	2.889	-14
76121	2.856	2.856	2.889	-14
76153	2.925	2.925	2.962	-14
76153	2.925	2.925	2.962	-14
76153	2.925	2.925	2.962	-14
76153	2.925	2.925	2.962	-14
76153	2.925	2.925	2.962	-14
76153	2.925	2.925	2.962	-14
76153	2.925	2.925	2.962	-14
76153	2.925	2.925	2.962	-14
76184	3.016	3.016	3.040	-14
76184	3.016	3.016	3.040	-14
76184	3.016	3.016	3.040	-14
76184	3.016	3.016	3.040	-14
76184	3.016	3.016	3.040	-14
76184	3.016	3.016	3.040	-14
76184	3.016	3.016	3.040	-14
76184	3.016	3.016	3.040	-14
76224	3.099	3.099	3.128	-14
76224	3.099	3.099	3.128	-14
76224	3.099	3.099	3.128	-14
76224	3.099	3.099	3.128	-14
76224	3.099	3.099	3.128	-14
76224	3.099	3.099	3.128	-14
76224	3.099	3.099	3.128	-14
76224	3.099	3.099	3.128	-14
76257	3.175	3.175	3.169	-14
76257	3.175	3.175	3.169	-14
76257	3.175	3.175	3.169	-14
76257	3.175	3.175	3.169	-14
76257	3.175	3.175	3.169	-14
76257	3.175	3.175	3.169	-14
76257	3.175	3.175	3.169	-14
76257	3.175	3.175	3.169	-14
76299	3.172	3.172	3.168	-13
76299	3.172	3.172	3.168	-13
76299	3.172	3.172	3.168	-13
76299	3.172	3.172	3.168	-13
76299	3.172	3.172	3.168	-13
76299	3.172	3.172	3.168	-13
76299	3.172	3.172	3.168	-13
76299	3.172	3.172	3.168	-13
76331	3.175	3.175	3.167	-13
76331	3.175	3.175	3.167	-13
76331	3.175	3.175	3.167	-13
76331	3.175	3.175	3.167	-13
76331	3.175	3.175	3.167	-13
76331	3.175	3.175	3.167	-13
76331	3.175	3.175	3.167	-13
76331	3.175	3.175	3.167	-13
76362	3.143	3.143	3.166	-12
76362	3.143	3.143	3.166	-12
76362	3.143	3.143	3.166	-12
76362	3.143	3.143	3.166	-12
76362	3.143	3.143	3.166	-12
76362	3.143	3.143	3.166	-12
76362	3.143	3.143	3.166	-12
76362	3.143	3.143	3.166	-12
76395	3.161	3.161	3.166	-12
76395	3.161	3.161	3.166	-12
76395	3.161	3.161	3.166	-12
76395	3.161	3.161	3.166	-12
76395	3.161	3.161	3.166	-12
76395	3.161	3.161	3.166	-12
76395	3.161	3.161	3.166	-12
76395	3.161	3.161	3.166	-12
76428	3.150	3.150	3.166	-12
76428	3.150	3.150	3.166	-12
76428	3.150	3.150	3.166	-12
76428	3.150	3.150	3.166	-12
76428	3.150	3.150	3.166	-12
76428	3.150	3.150	3.166	-12
76428	3.150	3.150	3.166	-12
76428	3.150	3.150	3.166	-12
76470	3.150	3.150	3.166	-12
76470	3.150	3.150	3.166	-12
76470	3.150	3.150	3.166	-12
76470	3.150	3.150	3.166	-12
76470	3.150	3.150	3.166	-12
76470	3.150	3.150	3.166	-12
76470	3.150	3.150	3.166	-12
76470	3.150	3.150	3.166	-12
76504	3.146	3.146	3.165	-12
76504	3.146	3.146	3.165	-12
76504	3.146	3.146	3.165	-12
76504	3.146	3.146	3.165	-12
76504	3.146	3.146	3.165	-12
76504	3.146	3.146	3.165	-12
76504	3.146	3.146	3.165	-12
76504	3.146	3.146	3.165	-12
76547	3.161	3.161	3.164	-11
76547	3.161	3.161	3.164	-11
76547	3.161	3.161	3.164	-11
76547	3.161	3.161	3.164	-11
76547	3.161	3.161	3.164	-11
76547	3.161	3.161	3.164	-11
76547	3.161	3.161	3.164	-11
76547	3.161	3.161	3.164	-11
76590	3.168	3.168	3.164	-11
76590	3.168	3.168	3.164	-11
76590	3.168	3.168	3.164	-11
76590	3.168	3.168	3.164	-11
76590	3.168	3.168	3.164	-11
76590	3.168	3.168	3.164	-11
76590	3.168	3.168	3.164	-11
76590	3.168	3.168	3.164	-11
76626	3.153	3.153	3.164	-11
76626	3.153	3.153	3.164	-11
76626	3.153	3.153	3.164	-11
76626	3.153	3.153	3.164	-11
76626	3.153	3.153	3.164	-11
76626	3.153	3.153	3.164	-11
76626	3.153	3.153	3.164	-11
76626	3.153	3.153	3.164	-11
76666	3.175	3.175	3.163	-11
76666	3.175	3.175	3.163	-11
76666	3.175	3.175	3.163	-11
76666	3.175	3.175	3.163	-11
76666	3.175	3.175	3.163	-11
76666	3.175	3.175	3.163	-11
76666	3.175	3.175	3.163	-11
76666	3.175	3.175	3.163	-11
76700	3.182	3.182	3.162	-10
76700	3.182	3.182	3.162	-10
76700	3.182	3.182	3.162	-10
76700	3.182	3.182	3.162	-10
76700	3.182	3.182	3.162	-10
76700	3.182	3.182	3.162	-10
76700	3.182	3.182	3.162	-10
76700	3.182	3.182	3.162	-10
76743	3.175	3.175	3.160	-9
76743	3.175	3.175	3.160	-9
76743	3.175	3.175	3.160	-9
76743	3.175	3.175	3.160	-9
76743	3.175	3.175	3.160	-9
76743	3.175	3.175	3.160	-9
76743	3.175	3.175	3.160	-9
76743	3.175	3.175	3.160	-9
76779	3.161	3.161	3.159	-9
76779	3.161	3.161	3.159	-9
76779	3.161	3.161	3.159	-9
76779	3.161	3.161	3.159	-9
76779	3.161	3.161	3.159	-9
76779	3.161	3.161	3.159	-9
76779	3.161	3.161	3.159	-9
76779	3.161	3.161	3.159	-9
76811	3.146	3.146	3.159	-9
76811	3.146	3.146	3.159	-9
76811	3.146	3.146	3.159	-9
76811	3.146	3.146	3.159	-9
76811	3.146	3.146	3.159	-9
76811	3.146	3.146	3.159	-9
76811	3.146	3.146	3.159	-9
76811	3.146	3.146	3.159	-9
76844	3.139	3.139	3.159	-9
76844	3.139	3.139	3.159	-9
76844	3.139	3.139	3.159	-9
76844	3.139	3.139	3.159	-9
76844	3.139	3.139	3.159	-9
76844	3.139	3.139	3.159	-9
76844	3.139	3.139	3.159	-9
76844	3.139	3.139	3.159	-9
76876	3.146	3.146	3.159	-9
76876	3.146	3.146	3.159	-9
76876	3.146	3.146	3.159	-9
76876	3.146	3.146	3.159	-9
76876	3.146	3.146	3.159	-9
76876	3.146	3.146	3.159	-9
76876	3.146	3.146	3.159	-9
76876	3.146	3.146	3.159	-9
76909	3.161	3.161	3.159	-9
76909	3.161	3.161	3.159	-9
76909	3.161	3.161	3.159	-9
76909	3.161	3.161	3.159	-9
76909	3.161	3.161	3.159	-9
76909	3.161	3.161	3.159	-9
76909	3.161	3.161	3.159	-9
76909	3.161	3.161	3.159	-9
76943	3.128	3.128	3.159	-9
76943	3.128	3.128	3.159	-9
76943	3.128	3.128	3.159	-9
76943	3.128	3.128	3.159	-9
76943	3.128	3.128	3.159	-9
76943	3.128	3.128	3.159	-9
76943	3.128	3.128	3.159	-9
76943	3.128	3.128	3.159	-9
76975	3.157	3.157	3.162	-9
76975	3.157	3.157	3.162	-9
76975	3.157	3.157	3.162	-9
76975	3.157	3.157	3.162	-9
76975	3.157	3.157	3.162	-9
76975	3.157	3.157	3.162	-9
76975	3.157	3.157	3.162	-9
76975	3.157	3.157	3.162	-9
77008	3.172	3.172	3.239	-9
77008	3.172	3.172	3.239	-9
77008	3.172	3.172	3.239	-9
77008	3.172	3.172	3.239	-9
77008	3.172	3.172	3.239	-9
77008	3.172	3.172	3.239	-9
77008	3.172	3.172	3.239	-9
77008	3.172	3.172	3.239	-9
77039	3.280	3.28Initializing
77039	3.280	3.28Initializing
77039	3.280	3.28Initializing
77039	3.280	3.28Initializing
77039	3.280	3.28Initializing
77039	3.280	3.28Initializing
77039	3.280	3.28Initializing
77039	3.280	3.28Initializing
